 F = 100000;
 N = [5 6 7 8 9 10];
 r = 4.35/100;
 P = (F * (r / 12))./((1 + r / 12).^(12 * N) - 1);
 result = [N',P']